#depth	O  1	O  2	O  3	O  4	O  5	O  6	O  7	O  8	O  9	O1	O1*	O1**
 1.72289e+13	1.26e-07	9.40e-03	9.91e-01	1.12e-05	0.00e+00	0.00e+00	0.00e+00	0.00e+00	0.00e+00	1.21e-07	2.26e-09	2.48e-09
 1.03373e+14	1.28e-07	9.48e-03	9.91e-01	1.11e-05	0.00e+00	0.00e+00	0.00e+00	0.00e+00	0.00e+00	1.24e-07	2.32e-09	2.54e-09
 4.47951e+14	1.39e-07	9.83e-03	9.90e-01	1.06e-05	0.00e+00	0.00e+00	0.00e+00	0.00e+00	0.00e+00	1.33e-07	2.59e-09	2.83e-09
 1.33108e+15	1.64e-07	1.07e-02	9.89e-01	9.70e-06	0.00e+00	0.00e+00	0.00e+00	0.00e+00	0.00e+00	1.57e-07	3.32e-09	3.59e-09
 2.55603e+15	1.97e-07	1.16e-02	9.88e-01	8.94e-06	0.00e+00	0.00e+00	0.00e+00	0.00e+00	0.00e+00	1.88e-07	4.31e-09	4.63e-09
 3.77028e+15	2.37e-07	1.27e-02	9.87e-01	8.17e-06	0.00e+00	0.00e+00	0.00e+00	0.00e+00	0.00e+00	2.25e-07	5.60e-09	5.97e-09
 4.94011e+15	2.85e-07	1.38e-02	9.86e-01	7.40e-06	0.00e+00	0.00e+00	0.00e+00	0.00e+00	0.00e+00	2.70e-07	7.29e-09	7.70e-09
 6.06307e+15	3.42e-07	1.51e-02	9.85e-01	6.65e-06	0.00e+00	0.00e+00	0.00e+00	0.00e+00	0.00e+00	3.23e-07	9.50e-09	9.93e-09
 7.14049e+15	4.12e-07	1.65e-02	9.84e-01	5.93e-06	0.00e+00	0.00e+00	0.00e+00	0.00e+00	0.00e+00	3.87e-07	1.24e-08	1.28e-08
 8.17404e+15	4.97e-07	1.79e-02	9.82e-01	5.26e-06	0.00e+00	0.00e+00	0.00e+00	0.00e+00	0.00e+00	4.64e-07	1.61e-08	1.65e-08
 9.16537e+15	5.99e-07	1.96e-02	9.80e-01	4.63e-06	0.00e+00	0.00e+00	0.00e+00	0.00e+00	0.00e+00	5.57e-07	2.10e-08	2.12e-08
 1.01161e+16	7.23e-07	2.14e-02	9.79e-01	4.05e-06	0.00e+00	0.00e+00	0.00e+00	0.00e+00	0.00e+00	6.68e-07	2.73e-08	2.72e-08
 1.10280e+16	8.73e-07	2.33e-02	9.77e-01	3.53e-06	0.00e+00	0.00e+00	0.00e+00	0.00e+00	0.00e+00	8.02e-07	3.55e-08	3.49e-08
 1.19024e+16	1.05e-06	2.54e-02	9.75e-01	3.05e-06	0.00e+00	0.00e+00	0.00e+00	0.00e+00	0.00e+00	9.64e-07	4.62e-08	4.47e-08
 1.27409e+16	1.28e-06	2.77e-02	9.72e-01	2.63e-06	0.00e+00	0.00e+00	0.00e+00	0.00e+00	0.00e+00	1.16e-06	6.01e-08	5.73e-08
 1.35450e+16	1.54e-06	3.02e-02	9.70e-01	2.25e-06	0.00e+00	0.00e+00	0.00e+00	0.00e+00	0.00e+00	1.39e-06	7.82e-08	7.33e-08
 1.43161e+16	1.87e-06	3.30e-02	9.67e-01	1.92e-06	0.00e+00	0.00e+00	0.00e+00	0.00e+00	0.00e+00	1.67e-06	1.02e-07	9.36e-08
 1.50554e+16	2.26e-06	3.59e-02	9.64e-01	1.63e-06	0.00e+00	0.00e+00	0.00e+00	0.00e+00	0.00e+00	2.01e-06	1.32e-07	1.19e-07
 1.57643e+16	2.75e-06	3.92e-02	9.61e-01	1.37e-06	0.00e+00	0.00e+00	0.00e+00	0.00e+00	0.00e+00	2.42e-06	1.71e-07	1.52e-07
 1.64443e+16	3.33e-06	4.28e-02	9.57e-01	1.16e-06	0.00e+00	0.00e+00	0.00e+00	0.00e+00	0.00e+00	2.92e-06	2.23e-07	1.93e-07
 1.70963e+16	4.05e-06	4.66e-02	9.53e-01	9.67e-07	0.00e+00	0.00e+00	0.00e+00	0.00e+00	0.00e+00	3.51e-06	2.89e-07	2.46e-07
 1.77216e+16	4.92e-06	5.08e-02	9.49e-01	0.00e+00	0.00e+00	0.00e+00	0.00e+00	0.00e+00	0.00e+00	4.23e-06	3.75e-07	3.12e-07
 1.83214e+16	5.98e-06	5.54e-02	9.45e-01	0.00e+00	0.00e+00	0.00e+00	0.00e+00	0.00e+00	0.00e+00	5.10e-06	4.86e-07	3.95e-07
 1.88968e+16	7.28e-06	6.04e-02	9.40e-01	0.00e+00	0.00e+00	0.00e+00	0.00e+00	0.00e+00	0.00e+00	6.15e-06	6.29e-07	5.00e-07
 1.94486e+16	8.87e-06	6.59e-02	9.34e-01	0.00e+00	0.00e+00	0.00e+00	0.00e+00	0.00e+00	0.00e+00	7.42e-06	8.14e-07	6.31e-07
 1.99781e+16	1.08e-05	7.19e-02	9.28e-01	0.00e+00	0.00e+00	0.00e+00	0.00e+00	0.00e+00	0.00e+00	8.95e-06	1.05e-06	7.96e-07
 2.04860e+16	1.32e-05	7.84e-02	9.22e-01	0.00e+00	0.00e+00	0.00e+00	0.00e+00	0.00e+00	0.00e+00	1.08e-05	1.36e-06	1.00e-06
 2.09733e+16	1.60e-05	8.54e-02	9.15e-01	0.00e+00	0.00e+00	0.00e+00	0.00e+00	0.00e+00	0.00e+00	1.30e-05	1.75e-06	1.26e-06
 2.14409e+16	1.96e-05	9.31e-02	9.07e-01	0.00e+00	0.00e+00	0.00e+00	0.00e+00	0.00e+00	0.00e+00	1.57e-05	2.26e-06	1.58e-06
 2.18896e+16	2.39e-05	1.02e-01	8.98e-01	0.00e+00	0.00e+00	0.00e+00	0.00e+00	0.00e+00	0.00e+00	1.90e-05	2.91e-06	1.98e-06
 2.23202e+16	2.91e-05	1.11e-01	8.89e-01	0.00e+00	0.00e+00	0.00e+00	0.00e+00	0.00e+00	0.00e+00	2.29e-05	3.74e-06	2.47e-06
 2.27334e+16	3.55e-05	1.21e-01	8.79e-01	0.00e+00	0.00e+00	0.00e+00	0.00e+00	0.00e+00	0.00e+00	2.76e-05	4.80e-06	3.09e-06
 2.31301e+16	4.33e-05	1.31e-01	8.68e-01	0.00e+00	0.00e+00	0.00e+00	0.00e+00	0.00e+00	0.00e+00	3.33e-05	6.15e-06	3.85e-06
 2.35108e+16	5.28e-05	1.43e-01	8.57e-01	0.00e+00	0.00e+00	0.00e+00	0.00e+00	0.00e+00	0.00e+00	4.02e-05	7.87e-06	4.79e-06
 2.38763e+16	6.44e-05	1.56e-01	8.44e-01	0.00e+00	0.00e+00	0.00e+00	0.00e+00	0.00e+00	0.00e+00	4.84e-05	1.00e-05	5.94e-06
 2.42272e+16	7.85e-05	1.70e-01	8.30e-01	0.00e+00	0.00e+00	0.00e+00	0.00e+00	0.00e+00	0.00e+00	5.83e-05	1.28e-05	7.36e-06
 2.45640e+16	9.56e-05	1.85e-01	8.15e-01	0.00e+00	0.00e+00	0.00e+00	0.00e+00	0.00e+00	0.00e+00	7.03e-05	1.63e-05	9.10e-06
 2.48873e+16	1.16e-04	2.02e-01	7.98e-01	0.00e+00	0.00e+00	0.00e+00	0.00e+00	0.00e+00	0.00e+00	8.46e-05	2.06e-05	1.12e-05
 2.51977e+16	1.42e-04	2.19e-01	7.80e-01	0.00e+00	0.00e+00	0.00e+00	0.00e+00	0.00e+00	0.00e+00	1.02e-04	2.61e-05	1.38e-05
 2.54957e+16	1.72e-04	2.39e-01	7.61e-01	0.00e+00	0.00e+00	0.00e+00	0.00e+00	0.00e+00	0.00e+00	1.22e-04	3.30e-05	1.70e-05
 2.57817e+16	2.09e-04	2.60e-01	7.40e-01	0.00e+00	0.00e+00	0.00e+00	0.00e+00	0.00e+00	0.00e+00	1.47e-04	4.15e-05	2.09e-05
 2.60562e+16	2.54e-04	2.82e-01	7.18e-01	0.00e+00	0.00e+00	0.00e+00	0.00e+00	0.00e+00	0.00e+00	1.76e-04	5.21e-05	2.56e-05
 2.63196e+16	3.08e-04	3.06e-01	6.94e-01	0.00e+00	0.00e+00	0.00e+00	0.00e+00	0.00e+00	0.00e+00	2.11e-04	6.54e-05	3.13e-05
 2.65723e+16	3.73e-04	3.32e-01	6.67e-01	0.00e+00	0.00e+00	0.00e+00	0.00e+00	0.00e+00	0.00e+00	2.54e-04	8.17e-05	3.83e-05
 2.68146e+16	4.52e-04	3.60e-01	6.40e-01	0.00e+00	0.00e+00	0.00e+00	0.00e+00	0.00e+00	0.00e+00	3.04e-04	1.02e-04	4.67e-05
 2.70469e+16	5.47e-04	3.90e-01	6.10e-01	0.00e+00	0.00e+00	0.00e+00	0.00e+00	0.00e+00	0.00e+00	3.64e-04	1.27e-04	5.68e-05
 2.72695e+16	6.62e-04	4.21e-01	5.78e-01	0.00e+00	0.00e+00	0.00e+00	0.00e+00	0.00e+00	0.00e+00	4.35e-04	1.57e-04	6.90e-05
 2.74824e+16	8.00e-04	4.55e-01	5.44e-01	0.00e+00	0.00e+00	0.00e+00	0.00e+00	0.00e+00	0.00e+00	5.21e-04	1.95e-04	8.38e-05
 2.76860e+16	9.66e-04	4.90e-01	5.09e-01	0.00e+00	0.00e+00	0.00e+00	0.00e+00	0.00e+00	0.00e+00	6.23e-04	2.41e-04	1.02e-04
 2.78806e+16	1.17e-03	5.27e-01	4.71e-01	0.00e+00	0.00e+00	0.00e+00	0.00e+00	0.00e+00	0.00e+00	7.46e-04	2.98e-04	1.23e-04
 2.80662e+16	1.41e-03	5.66e-01	4.32e-01	0.00e+00	0.00e+00	0.00e+00	0.00e+00	0.00e+00	0.00e+00	8.94e-04	3.68e-04	1.50e-04
 2.82416e+16	1.70e-03	6.06e-01	3.93e-01	0.00e+00	0.00e+00	0.00e+00	0.00e+00	0.00e+00	0.00e+00	1.07e-03	4.52e-04	1.81e-04
 2.84049e+16	2.05e-03	6.45e-01	3.53e-01	0.00e+00	0.00e+00	0.00e+00	0.00e+00	0.00e+00	0.00e+00	1.28e-03	5.53e-04	2.18e-04
 2.85428e+16	2.38e-03	6.78e-01	3.20e-01	0.00e+00	0.00e+00	0.00e+00	0.00e+00	0.00e+00	0.00e+00	1.47e-03	6.52e-04	2.54e-04
 2.86573e+16	2.75e-03	7.09e-01	2.89e-01	0.00e+00	0.00e+00	0.00e+00	0.00e+00	0.00e+00	0.00e+00	1.69e-03	7.62e-04	2.94e-04
 2.87659e+16	3.20e-03	7.40e-01	2.57e-01	0.00e+00	0.00e+00	0.00e+00	0.00e+00	0.00e+00	0.00e+00	1.96e-03	8.96e-04	3.43e-04
 2.88698e+16	3.72e-03	7.70e-01	2.26e-01	0.00e+00	0.00e+00	0.00e+00	0.00e+00	0.00e+00	0.00e+00	2.27e-03	1.06e-03	4.00e-04
 2.89669e+16	4.34e-03	7.99e-01	1.96e-01	0.00e+00	0.00e+00	0.00e+00	0.00e+00	0.00e+00	0.00e+00	2.63e-03	1.24e-03	4.67e-04
 2.90572e+16	5.07e-03	8.27e-01	1.68e-01	0.00e+00	0.00e+00	0.00e+00	0.00e+00	0.00e+00	0.00e+00	3.06e-03	1.47e-03	5.46e-04
 2.91411e+16	5.96e-03	8.53e-01	1.41e-01	0.00e+00	0.00e+00	0.00e+00	0.00e+00	0.00e+00	0.00e+00	3.58e-03	1.73e-03	6.42e-04
 2.92191e+16	7.03e-03	8.76e-01	1.17e-01	0.00e+00	0.00e+00	0.00e+00	0.00e+00	0.00e+00	0.00e+00	4.21e-03	2.06e-03	7.58e-04
 2.92911e+16	8.36e-03	8.98e-01	9.40e-02	0.00e+00	0.00e+00	0.00e+00	0.00e+00	0.00e+00	0.00e+00	4.99e-03	2.47e-03	9.02e-04
 2.93572e+16	1.00e-02	9.16e-01	7.37e-02	0.00e+00	0.00e+00	0.00e+00	0.00e+00	0.00e+00	0.00e+00	5.96e-03	2.99e-03	1.08e-03
 2.94173e+16	1.22e-02	9.32e-01	5.59e-02	0.00e+00	0.00e+00	0.00e+00	0.00e+00	0.00e+00	0.00e+00	7.22e-03	3.66e-03	1.32e-03
 2.94715e+16	1.50e-02	9.44e-01	4.08e-02	0.00e+00	0.00e+00	0.00e+00	0.00e+00	0.00e+00	0.00e+00	8.88e-03	4.54e-03	1.63e-03
 2.95118e+16	1.79e-02	9.51e-01	3.11e-02	0.00e+00	0.00e+00	0.00e+00	0.00e+00	0.00e+00	0.00e+00	1.05e-02	5.41e-03	1.93e-03
 2.95369e+16	2.05e-02	9.55e-01	2.49e-02	0.00e+00	0.00e+00	0.00e+00	0.00e+00	0.00e+00	0.00e+00	1.20e-02	6.23e-03	2.22e-03
 2.95572e+16	2.34e-02	9.57e-01	1.99e-02	0.00e+00	0.00e+00	0.00e+00	0.00e+00	0.00e+00	0.00e+00	1.37e-02	7.13e-03	2.53e-03
 2.95763e+16	2.67e-02	9.57e-01	1.58e-02	0.00e+00	0.00e+00	0.00e+00	0.00e+00	0.00e+00	0.00e+00	1.57e-02	8.17e-03	2.90e-03
 2.95929e+16	3.27e-02	9.56e-01	1.10e-02	0.00e+00	0.00e+00	0.00e+00	0.00e+00	0.00e+00	0.00e+00	1.91e-02	1.01e-02	3.55e-03
 2.96045e+16	3.67e-02	9.54e-01	8.95e-03	0.00e+00	0.00e+00	0.00e+00	0.00e+00	0.00e+00	0.00e+00	2.14e-02	1.13e-02	3.98e-03
 2.96143e+16	4.10e-02	9.52e-01	7.28e-03	0.00e+00	0.00e+00	0.00e+00	0.00e+00	0.00e+00	0.00e+00	2.39e-02	1.27e-02	4.45e-03
 2.96271e+16	4.86e-02	9.46e-01	5.32e-03	0.00e+00	0.00e+00	0.00e+00	0.00e+00	0.00e+00	0.00e+00	2.83e-02	1.51e-02	5.27e-03
 2.96396e+16	5.88e-02	9.38e-01	3.70e-03	0.00e+00	0.00e+00	0.00e+00	0.00e+00	0.00e+00	0.00e+00	3.42e-02	1.83e-02	6.38e-03
 2.96484e+16	6.91e-02	9.28e-01	2.70e-03	0.00e+00	0.00e+00	0.00e+00	0.00e+00	0.00e+00	0.00e+00	4.01e-02	2.15e-02	7.50e-03
 2.96546e+16	7.93e-02	9.19e-01	2.06e-03	0.00e+00	0.00e+00	0.00e+00	0.00e+00	0.00e+00	0.00e+00	4.60e-02	2.47e-02	8.61e-03
 2.96599e+16	9.13e-02	9.07e-01	1.55e-03	0.00e+00	0.00e+00	0.00e+00	0.00e+00	0.00e+00	0.00e+00	5.29e-02	2.85e-02	9.90e-03
 2.96650e+16	1.06e-01	8.92e-01	1.14e-03	0.00e+00	0.00e+00	0.00e+00	0.00e+00	0.00e+00	0.00e+00	6.16e-02	3.33e-02	1.15e-02
 2.96697e+16	1.25e-01	8.74e-01	8.16e-04	0.00e+00	0.00e+00	0.00e+00	0.00e+00	0.00e+00	0.00e+00	7.22e-02	3.91e-02	1.35e-02
 2.96734e+16	1.44e-01	8.55e-01	6.03e-04	0.00e+00	0.00e+00	0.00e+00	0.00e+00	0.00e+00	0.00e+00	8.34e-02	4.53e-02	1.57e-02
 2.96764e+16	1.64e-01	8.36e-01	4.60e-04	0.00e+00	0.00e+00	0.00e+00	0.00e+00	0.00e+00	0.00e+00	9.47e-02	5.15e-02	1.78e-02
 2.96790e+16	1.86e-01	8.14e-01	3.48e-04	0.00e+00	0.00e+00	0.00e+00	0.00e+00	0.00e+00	0.00e+00	1.07e-01	5.85e-02	2.02e-02
 2.96820e+16	2.19e-01	7.81e-01	2.42e-04	0.00e+00	0.00e+00	0.00e+00	0.00e+00	0.00e+00	0.00e+00	1.26e-01	6.88e-02	2.37e-02
 2.96853e+16	2.63e-01	7.37e-01	1.57e-04	0.00e+00	0.00e+00	0.00e+00	0.00e+00	0.00e+00	0.00e+00	1.52e-01	8.27e-02	2.85e-02
 2.96880e+16	3.09e-01	6.91e-01	1.06e-04	0.00e+00	0.00e+00	0.00e+00	0.00e+00	0.00e+00	0.00e+00	1.78e-01	9.72e-02	3.35e-02
 2.96899e+16	3.48e-01	6.52e-01	7.81e-05	0.00e+00	0.00e+00	0.00e+00	0.00e+00	0.00e+00	0.00e+00	2.01e-01	1.09e-01	3.77e-02
 2.96912e+16	3.79e-01	6.21e-01	6.21e-05	0.00e+00	0.00e+00	0.00e+00	0.00e+00	0.00e+00	0.00e+00	2.19e-01	1.19e-01	4.10e-02
 2.96923e+16	4.07e-01	5.93e-01	5.07e-05	0.00e+00	0.00e+00	0.00e+00	0.00e+00	0.00e+00	0.00e+00	2.35e-01	1.28e-01	4.40e-02
 2.96933e+16	4.35e-01	5.65e-01	4.16e-05	0.00e+00	0.00e+00	0.00e+00	0.00e+00	0.00e+00	0.00e+00	2.51e-01	1.36e-01	4.70e-02
 2.96942e+16	4.62e-01	5.38e-01	3.43e-05	0.00e+00	0.00e+00	0.00e+00	0.00e+00	0.00e+00	0.00e+00	2.67e-01	1.45e-01	5.00e-02
 2.96951e+16	4.88e-01	5.12e-01	2.87e-05	0.00e+00	0.00e+00	0.00e+00	0.00e+00	0.00e+00	0.00e+00	2.82e-01	1.53e-01	5.27e-02
 2.96959e+16	5.11e-01	4.89e-01	2.44e-05	0.00e+00	0.00e+00	0.00e+00	0.00e+00	0.00e+00	0.00e+00	2.96e-01	1.60e-01	5.53e-02
 2.96965e+16	5.34e-01	4.66e-01	2.09e-05	0.00e+00	0.00e+00	0.00e+00	0.00e+00	0.00e+00	0.00e+00	3.09e-01	1.67e-01	5.76e-02
 2.96972e+16	5.55e-01	4.45e-01	1.80e-05	0.00e+00	0.00e+00	0.00e+00	0.00e+00	0.00e+00	0.00e+00	3.22e-01	1.73e-01	5.99e-02
 2.96978e+16	5.75e-01	4.25e-01	1.57e-05	0.00e+00	0.00e+00	0.00e+00	0.00e+00	0.00e+00	0.00e+00	3.34e-01	1.79e-01	6.20e-02
 2.96984e+16	5.94e-01	4.06e-01	1.37e-05	0.00e+00	0.00e+00	0.00e+00	0.00e+00	0.00e+00	0.00e+00	3.45e-01	1.85e-01	6.40e-02
 2.96988e+16	6.08e-01	3.92e-01	1.23e-05	0.00e+00	0.00e+00	0.00e+00	0.00e+00	0.00e+00	0.00e+00	3.54e-01	1.89e-01	6.56e-02
 2.96992e+16	6.19e-01	3.81e-01	1.13e-05	0.00e+00	0.00e+00	0.00e+00	0.00e+00	0.00e+00	0.00e+00	3.60e-01	1.92e-01	6.68e-02
 2.96995e+16	6.31e-01	3.69e-01	1.04e-05	0.00e+00	0.00e+00	0.00e+00	0.00e+00	0.00e+00	0.00e+00	3.67e-01	1.96e-01	6.80e-02
 2.96999e+16	6.43e-01	3.57e-01	9.52e-06	0.00e+00	0.00e+00	0.00e+00	0.00e+00	0.00e+00	0.00e+00	3.74e-01	1.99e-01	6.93e-02
 2.97002e+16	6.55e-01	3.45e-01	8.67e-06	0.00e+00	0.00e+00	0.00e+00	0.00e+00	0.00e+00	0.00e+00	3.81e-01	2.03e-01	7.05e-02
 2.97006e+16	6.67e-01	3.33e-01	7.91e-06	0.00e+00	0.00e+00	0.00e+00	0.00e+00	0.00e+00	0.00e+00	3.88e-01	2.06e-01	7.18e-02
 2.97009e+16	6.78e-01	3.22e-01	7.23e-06	0.00e+00	0.00e+00	0.00e+00	0.00e+00	0.00e+00	0.00e+00	3.95e-01	2.10e-01	7.30e-02
 2.97013e+16	6.89e-01	3.11e-01	6.61e-06	0.00e+00	0.00e+00	0.00e+00	0.00e+00	0.00e+00	0.00e+00	4.02e-01	2.13e-01	7.42e-02
 2.97016e+16	7.00e-01	3.00e-01	6.03e-06	0.00e+00	0.00e+00	0.00e+00	0.00e+00	0.00e+00	0.00e+00	4.09e-01	2.16e-01	7.53e-02
 2.97019e+16	7.11e-01	2.89e-01	5.51e-06	0.00e+00	0.00e+00	0.00e+00	0.00e+00	0.00e+00	0.00e+00	4.15e-01	2.19e-01	7.64e-02
 2.97023e+16	7.22e-01	2.78e-01	5.03e-06	0.00e+00	0.00e+00	0.00e+00	0.00e+00	0.00e+00	0.00e+00	4.22e-01	2.22e-01	7.75e-02
 2.97026e+16	7.32e-01	2.68e-01	4.59e-06	0.00e+00	0.00e+00	0.00e+00	0.00e+00	0.00e+00	0.00e+00	4.28e-01	2.25e-01	7.86e-02
 2.97029e+16	7.42e-01	2.58e-01	4.19e-06	0.00e+00	0.00e+00	0.00e+00	0.00e+00	0.00e+00	0.00e+00	4.34e-01	2.28e-01	7.97e-02
 2.97033e+16	7.52e-01	2.48e-01	3.83e-06	0.00e+00	0.00e+00	0.00e+00	0.00e+00	0.00e+00	0.00e+00	4.40e-01	2.31e-01	8.07e-02
 2.97036e+16	7.61e-01	2.39e-01	3.50e-06	0.00e+00	0.00e+00	0.00e+00	0.00e+00	0.00e+00	0.00e+00	4.46e-01	2.33e-01	8.17e-02
 2.97039e+16	7.71e-01	2.29e-01	3.19e-06	0.00e+00	0.00e+00	0.00e+00	0.00e+00	0.00e+00	0.00e+00	4.52e-01	2.36e-01	8.26e-02
 2.97042e+16	7.80e-01	2.20e-01	2.91e-06	0.00e+00	0.00e+00	0.00e+00	0.00e+00	0.00e+00	0.00e+00	4.58e-01	2.38e-01	8.36e-02
 2.97045e+16	7.88e-01	2.12e-01	2.66e-06	0.00e+00	0.00e+00	0.00e+00	0.00e+00	0.00e+00	0.00e+00	4.63e-01	2.41e-01	8.44e-02
 2.97049e+16	7.97e-01	2.03e-01	2.43e-06	0.00e+00	0.00e+00	0.00e+00	0.00e+00	0.00e+00	0.00e+00	4.68e-01	2.43e-01	8.53e-02
 2.97052e+16	8.05e-01	1.95e-01	2.22e-06	0.00e+00	0.00e+00	0.00e+00	0.00e+00	0.00e+00	0.00e+00	4.74e-01	2.45e-01	8.62e-02
 2.97055e+16	8.13e-01	1.87e-01	2.03e-06	0.00e+00	0.00e+00	0.00e+00	0.00e+00	0.00e+00	0.00e+00	4.79e-01	2.47e-01	8.70e-02
 2.97058e+16	8.21e-01	1.79e-01	1.85e-06	0.00e+00	0.00e+00	0.00e+00	0.00e+00	0.00e+00	0.00e+00	4.84e-01	2.50e-01	8.77e-02
 2.97061e+16	8.28e-01	1.72e-01	1.69e-06	0.00e+00	0.00e+00	0.00e+00	0.00e+00	0.00e+00	0.00e+00	4.88e-01	2.51e-01	8.85e-02
 2.97064e+16	8.35e-01	1.65e-01	1.55e-06	0.00e+00	0.00e+00	0.00e+00	0.00e+00	0.00e+00	0.00e+00	4.93e-01	2.53e-01	8.92e-02
 2.97067e+16	8.42e-01	1.58e-01	1.42e-06	0.00e+00	0.00e+00	0.00e+00	0.00e+00	0.00e+00	0.00e+00	4.97e-01	2.55e-01	8.98e-02
 2.97070e+16	8.48e-01	1.52e-01	1.30e-06	0.00e+00	0.00e+00	0.00e+00	0.00e+00	0.00e+00	0.00e+00	5.01e-01	2.57e-01	9.05e-02
 2.97073e+16	8.54e-01	1.46e-01	1.19e-06	0.00e+00	0.00e+00	0.00e+00	0.00e+00	0.00e+00	0.00e+00	5.05e-01	2.58e-01	9.11e-02
 2.97076e+16	8.60e-01	1.40e-01	1.10e-06	0.00e+00	0.00e+00	0.00e+00	0.00e+00	0.00e+00	0.00e+00	5.09e-01	2.60e-01	9.17e-02
 2.97078e+16	8.66e-01	1.34e-01	1.01e-06	0.00e+00	0.00e+00	0.00e+00	0.00e+00	0.00e+00	0.00e+00	5.13e-01	2.61e-01	9.22e-02
 2.97081e+16	8.72e-01	1.28e-01	9.24e-07	0.00e+00	0.00e+00	0.00e+00	0.00e+00	0.00e+00	0.00e+00	5.17e-01	2.62e-01	9.27e-02
 2.97084e+16	8.77e-01	1.23e-01	8.50e-07	0.00e+00	0.00e+00	0.00e+00	0.00e+00	0.00e+00	0.00e+00	5.20e-01	2.64e-01	9.32e-02
 2.97087e+16	8.82e-01	1.18e-01	7.83e-07	0.00e+00	0.00e+00	0.00e+00	0.00e+00	0.00e+00	0.00e+00	5.23e-01	2.65e-01	9.37e-02
 2.97089e+16	8.87e-01	1.13e-01	7.21e-07	0.00e+00	0.00e+00	0.00e+00	0.00e+00	0.00e+00	0.00e+00	5.27e-01	2.66e-01	9.42e-02
 2.97092e+16	8.91e-01	1.09e-01	6.64e-07	0.00e+00	0.00e+00	0.00e+00	0.00e+00	0.00e+00	0.00e+00	5.30e-01	2.67e-01	9.46e-02
 2.97095e+16	8.96e-01	1.04e-01	6.12e-07	0.00e+00	0.00e+00	0.00e+00	0.00e+00	0.00e+00	0.00e+00	5.33e-01	2.68e-01	9.50e-02
 2.97097e+16	9.00e-01	1.00e-01	5.64e-07	0.00e+00	0.00e+00	0.00e+00	0.00e+00	0.00e+00	0.00e+00	5.36e-01	2.69e-01	9.54e-02
 2.97100e+16	9.04e-01	9.61e-02	5.20e-07	0.00e+00	0.00e+00	0.00e+00	0.00e+00	0.00e+00	0.00e+00	5.38e-01	2.70e-01	9.58e-02
 2.97102e+16	9.08e-01	9.22e-02	4.80e-07	0.00e+00	0.00e+00	0.00e+00	0.00e+00	0.00e+00	0.00e+00	5.41e-01	2.71e-01	9.61e-02
 2.97105e+16	9.11e-01	8.85e-02	4.43e-07	0.00e+00	0.00e+00	0.00e+00	0.00e+00	0.00e+00	0.00e+00	5.44e-01	2.71e-01	9.64e-02
 2.97107e+16	9.15e-01	8.49e-02	4.09e-07	0.00e+00	0.00e+00	0.00e+00	0.00e+00	0.00e+00	0.00e+00	5.46e-01	2.72e-01	9.68e-02
 2.97110e+16	9.18e-01	8.15e-02	3.78e-07	0.00e+00	0.00e+00	0.00e+00	0.00e+00	0.00e+00	0.00e+00	5.49e-01	2.73e-01	9.71e-02
 2.97112e+16	9.22e-01	7.82e-02	3.49e-07	0.00e+00	0.00e+00	0.00e+00	0.00e+00	0.00e+00	0.00e+00	5.51e-01	2.73e-01	9.73e-02
 2.97115e+16	9.25e-01	7.51e-02	3.22e-07	0.00e+00	0.00e+00	0.00e+00	0.00e+00	0.00e+00	0.00e+00	5.53e-01	2.74e-01	9.76e-02
 2.97117e+16	9.28e-01	7.21e-02	2.98e-07	0.00e+00	0.00e+00	0.00e+00	0.00e+00	0.00e+00	0.00e+00	5.55e-01	2.75e-01	9.79e-02
 2.97120e+16	9.31e-01	6.92e-02	2.75e-07	0.00e+00	0.00e+00	0.00e+00	0.00e+00	0.00e+00	0.00e+00	5.57e-01	2.75e-01	9.81e-02
 2.97122e+16	9.34e-01	6.64e-02	2.55e-07	0.00e+00	0.00e+00	0.00e+00	0.00e+00	0.00e+00	0.00e+00	5.59e-01	2.76e-01	9.83e-02
 2.97125e+16	9.36e-01	6.37e-02	2.36e-07	0.00e+00	0.00e+00	0.00e+00	0.00e+00	0.00e+00	0.00e+00	5.61e-01	2.76e-01	9.85e-02
 2.97127e+16	9.39e-01	6.12e-02	2.18e-07	0.00e+00	0.00e+00	0.00e+00	0.00e+00	0.00e+00	0.00e+00	5.63e-01	2.77e-01	9.87e-02
 2.97130e+16	9.41e-01	5.87e-02	2.02e-07	0.00e+00	0.00e+00	0.00e+00	0.00e+00	0.00e+00	0.00e+00	5.65e-01	2.77e-01	9.89e-02
 2.97132e+16	9.44e-01	5.62e-02	1.86e-07	0.00e+00	0.00e+00	0.00e+00	0.00e+00	0.00e+00	0.00e+00	5.67e-01	2.78e-01	9.91e-02
 2.97135e+16	9.46e-01	5.38e-02	1.72e-07	0.00e+00	0.00e+00	0.00e+00	0.00e+00	0.00e+00	0.00e+00	5.69e-01	2.78e-01	9.93e-02
 2.97137e+16	9.48e-01	5.16e-02	1.58e-07	0.00e+00	0.00e+00	0.00e+00	0.00e+00	0.00e+00	0.00e+00	5.71e-01	2.78e-01	9.95e-02
 2.97140e+16	9.50e-01	4.96e-02	1.47e-07	0.00e+00	0.00e+00	0.00e+00	0.00e+00	0.00e+00	0.00e+00	5.72e-01	2.79e-01	9.96e-02
 2.97142e+16	9.52e-01	4.76e-02	1.36e-07	0.00e+00	0.00e+00	0.00e+00	0.00e+00	0.00e+00	0.00e+00	5.74e-01	2.79e-01	9.98e-02
 2.97144e+16	9.54e-01	4.58e-02	1.27e-07	0.00e+00	0.00e+00	0.00e+00	0.00e+00	0.00e+00	0.00e+00	5.75e-01	2.79e-01	9.99e-02
 2.97147e+16	9.56e-01	4.39e-02	1.17e-07	0.00e+00	0.00e+00	0.00e+00	0.00e+00	0.00e+00	0.00e+00	5.76e-01	2.80e-01	1.00e-01
 2.97149e+16	9.58e-01	4.21e-02	1.08e-07	0.00e+00	0.00e+00	0.00e+00	0.00e+00	0.00e+00	0.00e+00	5.78e-01	2.80e-01	1.00e-01
 2.97152e+16	9.60e-01	4.04e-02	1.00e-07	0.00e+00	0.00e+00	0.00e+00	0.00e+00	0.00e+00	0.00e+00	5.79e-01	2.80e-01	1.00e-01
 2.97154e+16	9.61e-01	3.88e-02	9.26e-08	0.00e+00	0.00e+00	0.00e+00	0.00e+00	0.00e+00	0.00e+00	5.81e-01	2.80e-01	1.00e-01
 2.97156e+16	9.63e-01	3.73e-02	8.59e-08	0.00e+00	0.00e+00	0.00e+00	0.00e+00	0.00e+00	0.00e+00	5.82e-01	2.81e-01	1.00e-01
